Tiempo de espera promedio Trayecto Ida
[[ 0.    1.36  1.36  2.23  3.51  2.23  3.51  2.23  3.51  2.32  2.32  2.32  3.3   3.3   3.3 ]
 [ 0.    0.    1.36  2.23  3.51  2.23  3.51  2.23  3.51  2.32  2.32  2.32  3.3   3.3   3.3 ]
 [ 0.    0.    0.    2.23  3.51  2.23  3.51  2.23  3.51  2.32  2.32  2.32  3.3   3.3   3.3 ]
 [ 3.3   3.3   3.3   0.    6.86  2.23  6.86  2.23  6.86  6.86  6.86  6.86  3.3   3.3   3.3 ]
 [ 0.    0.    0.    0.    0.    0.    3.51  0.    3.51  3.51  3.51  3.51  0.    3.51  3.51]
 [ 3.3   3.3   3.3   3.3   6.86  0.    6.86  2.23  6.86  6.86  6.86  6.86  3.3   3.3   3.3 ]
 [ 0.    0.    0.    0.    0.    0.    0.    0.    3.51  3.51  3.51  3.51  0.    3.51  3.51]
 [ 3.3   3.3   3.3   3.3   6.86  3.3   6.86  0.    6.86  6.86  6.86  6.86  3.3   3.3   3.3 ]
 [ 0.    0.    0.    0.    0.    0.    0.    0.    0.    3.51  3.51  3.51  0.    3.51  3.51]
 [ 0.    0.    0.    0.    0.    0.    0.    0.    0.    0.    2.32  2.32  0.    2.32  2.32]
 [ 0.    0.    0.    0.    0.    0.    0.    0.    0.    0.    0.    2.32  0.    0.    0.  ]
 [ 0.    0.    0.    0.    0.    0.    0.    0.    0.    0.    0.    0.    0.    0.    0.  ]
 [ 0.    0.    0.    0.    0.    0.    0.    0.    0.    0.    0.    0.    0.    0.    0.  ]
 [ 0.    0.    0.    0.    0.    0.    0.    0.    0.    0.    0.    0.    0.    0.    0.  ]
 [ 0.    0.    0.    0.    0.    0.    0.    0.    0.    0.    0.    0.    0.    0.    0.  ]]


Tiempo de espera promedio Trayecto Vuelta
[[ 0.    0.    0.    0.    0.    0.    0.    0.    0.    0.    0.    0.    0.    0.    0.  ]
 [ 1.36  0.    0.    0.    0.    0.    0.    0.    0.    0.    0.    0.    0.    0.    0.  ]
 [ 1.36  1.36  0.    0.    0.    0.    0.    0.    0.    0.    0.    0.    0.    0.    0.  ]
 [ 0.    0.    0.    0.    0.    0.    0.    0.    0.    0.    0.    0.    0.    0.    0.  ]
 [ 3.51  3.51  3.51  3.51  0.    3.51  0.    3.51  0.    0.    0.    0.    3.51  0.    0.  ]
 [ 0.    0.    0.    0.    0.    0.    0.    0.    0.    0.    0.    0.    0.    0.    0.  ]
 [ 3.51  3.51  3.51  3.51  3.51  3.51  0.    3.51  0.    0.    0.    0.    3.51  0.    0.  ]
 [ 0.    0.    0.    0.    0.    0.    0.    0.    0.    0.    0.    0.    0.    0.    0.  ]
 [ 3.51  3.51  3.51  3.51  3.51  3.51  3.51  3.51  0.    0.    0.    0.    3.51  0.    0.  ]
 [ 3.51  3.51  3.51  3.51  3.51  3.51  3.51  3.51  3.51  0.    0.    0.    3.51  0.    0.  ]
 [ 2.32  2.32  2.32  2.32  3.51  2.32  3.51  2.32  3.51  3.51  0.    0.    2.32  6.86  6.86]
 [ 2.32  2.32  2.32  2.32  3.51  2.32  3.51  2.32  3.51  3.51  2.32  0.    2.32  6.86  6.86]
 [ 3.3   3.3   3.3   3.3   3.3   3.3   3.3   3.3   3.3   3.3   3.3   3.3   0.    3.3   3.3 ]
 [ 2.23  2.23  2.23  2.23  2.23  2.23  2.23  2.23  2.23  2.23  2.23  2.23  2.23  0.    2.23]
 [ 2.23  2.23  2.23  2.23  2.23  2.23  2.23  2.23  2.23  2.23  2.23  2.23  2.23  2.23  0.  ]]


Matriz demanda media
[[  0.     0.93   1.39   4.54   5.77   7.94   5.77   7.94   5.77   8.1    4.63   4.63   9.74   9.74   9.74]
 [  0.93   0.     0.93   1.13   2.89   4.54   5.77   7.94   5.77   8.1    4.63   4.63   9.74   9.74   9.74]
 [  0.93   0.93   0.     1.13   1.44   4.54   4.33   4.54   5.77   8.1    4.63   4.63   9.74   9.74   9.74]
 [  2.78   1.39   1.39   0.     4.49   1.13   4.49   2.27   4.49  11.23   8.99   8.99   9.74   9.74   9.74]
 [  2.89   2.89   2.89  10.1    0.     7.21   1.44  10.1    1.44   2.89   5.77   5.77   7.21   7.21   7.21]
 [  2.78   2.78   1.39   1.39   6.74   0.     6.74   1.13   6.74   4.49   6.74   6.74   5.56   6.95   6.95]
 [  2.89   2.89   2.89  10.1    1.44  10.1    0.    10.1    5.77  10.1    7.21   7.21  10.1   10.1   10.1 ]
 [  2.78   2.78   2.78   1.39   6.74   2.78  15.72   0.     8.99   2.25   8.99   8.99   1.39   5.56   5.56]
 [  2.89   2.89   2.89   2.89   2.89  10.1    1.44  10.1    0.     1.44   2.89   4.33   8.66   8.66   8.66]
 [  2.89   2.89   2.89  10.1    2.89  10.1    2.89   7.21   1.44   0.     1.16   2.31   7.21   6.94   6.94]
 [  2.31   2.31   2.31   8.1    4.33   8.1    5.77   5.79   2.89   1.44   0.     1.16   9.26  17.97  17.97]
 [  2.31   2.31   3.47   8.1    5.77   8.1    7.21   5.79   4.33   2.89   1.16   0.     9.26  17.97  17.97]
 [  2.78   2.78   2.78   4.17   5.56   5.56   5.56   6.95   6.95   5.56   5.56   4.17   0.     1.39   2.78]
 [  2.27   2.27   2.27   2.27   4.54   4.54   4.54   5.67   5.67   4.54   4.54   6.81   2.27   0.     1.13]
 [  2.27   2.27   2.27   2.27   4.54   4.54   4.54   5.67   5.67   4.54   4.54   6.81   6.81   1.13   0.  ]]

Ruta 1 Trayecto ida (0)
        Tiempo Acumulado de Subida
        [[ 0.49  0.93  1.32  0.    1.85  0.    2.69  0.    3.1   3.29  3.3   3.3   0.    0.    0.  ]
         [ 0.    0.44  0.82  0.    1.35  0.    2.19  0.    2.6   2.79  2.81  2.81  0.    0.    0.  ]
         [ 0.    0.    0.38  0.    0.91  0.    1.75  0.    2.16  2.35  2.37  2.37  0.    0.    0.  ]
         [ 0.    0.    0.    0.    0.    0.    0.    0.    0.    0.    0.    0.    0.    0.    0.  ]
         [ 0.    0.    0.    0.    0.53  0.    1.37  0.    1.78  1.97  1.98  1.98  0.    0.    0.  ]
         [ 0.    0.    0.    0.    0.    0.    0.    0.    0.    0.    0.    0.    0.    0.    0.  ]
         [ 0.    0.    0.    0.    0.    0.    0.84  0.    1.25  1.44  1.45  1.45  0.    0.    0.  ]
         [ 0.    0.    0.    0.    0.    0.    0.    0.    0.    0.    0.    0.    0.    0.    0.  ]
         [ 0.    0.    0.    0.    0.    0.    0.    0.    0.41  0.6   0.61  0.61  0.    0.    0.  ]
         [ 0.    0.    0.    0.    0.    0.    0.    0.    0.    0.19  0.2   0.2   0.    0.    0.  ]
         [ 0.    0.    0.    0.    0.    0.    0.    0.    0.    0.    0.01  0.01  0.    0.    0.  ]
         [ 0.    0.    0.    0.    0.    0.    0.    0.    0.    0.    0.    0.    0.    0.    0.  ]
         [ 0.    0.    0.    0.    0.    0.    0.    0.    0.    0.    0.    0.    0.    0.    0.  ]
         [ 0.    0.    0.    0.    0.    0.    0.    0.    0.    0.    0.    0.    0.    0.    0.  ]
         [ 0.    0.    0.    0.    0.    0.    0.    0.    0.    0.    0.    0.    0.    0.    0.  ]]

        Tiempo Espera Estaciones
         [[ 0.     0.006  0.009  0.     0.096  0.     0.096  0.     0.096  0.089  0.051  0.051  0.     0.     0.   ]
          [ 0.     0.     0.006  0.     0.048  0.     0.096  0.     0.096  0.089  0.051  0.051  0.     0.     0.   ]
          [ 0.     0.     0.     0.     0.024  0.     0.072  0.     0.096  0.089  0.051  0.051  0.     0.     0.   ]
          [ 0.     0.     0.     0.     0.     0.     0.     0.     0.     0.     0.     0.     0.     0.     0.   ]
          [ 0.     0.     0.     0.     0.     0.     0.024  0.     0.024  0.048  0.096  0.096  0.     0.12   0.12 ]
          [ 0.     0.     0.     0.     0.     0.     0.     0.     0.     0.     0.     0.     0.     0.     0.   ]
          [ 0.     0.     0.     0.     0.     0.     0.     0.     0.096  0.168  0.12   0.12   0.     0.168  0.168]
          [ 0.     0.     0.     0.     0.     0.     0.     0.     0.     0.     0.     0.     0.     0.     0.   ]
          [ 0.     0.     0.     0.     0.     0.     0.     0.     0.     0.023  0.045  0.068  0.     0.136  0.136]
          [ 0.     0.     0.     0.     0.     0.     0.     0.     0.     0.     0.013  0.026  0.     0.077  0.077]
          [ 0.     0.     0.     0.     0.     0.     0.     0.     0.     0.     0.     0.013  0.     0.     0.   ]
          [ 0.     0.     0.     0.     0.     0.     0.     0.     0.     0.     0.     0.     0.     0.     0.   ]
          [ 0.     0.     0.     0.     0.     0.     0.     0.     0.     0.     0.     0.     0.     0.     0.   ]
          [ 0.     0.     0.     0.     0.     0.     0.     0.     0.     0.     0.     0.     0.     0.     0.   ]
          [ 0.     0.     0.     0.     0.     0.     0.     0.     0.     0.     0.     0.     0.     0.     0.   ]]

        Probabilidad de elección 
         [[ 0.    0.39  0.39  0.    1.    0.    1.    0.    1.    0.66  0.66  0.66  0.    0.    0.  ]
          [ 0.    0.    0.39  0.    1.    0.    1.    0.    1.    0.66  0.66  0.66  0.    0.    0.  ]
          [ 0.    0.    0.    0.    1.    0.    1.    0.    1.    0.66  0.66  0.66  0.    0.    0.  ]
          [ 0.    0.    0.    0.    0.    0.    0.    0.    0.    0.    0.    0.    0.    0.    0.  ]
          [ 0.    0.    0.    0.    0.    0.    1.    0.    1.    1.    1.    1.    0.    1.    1.  ]
          [ 0.    0.    0.    0.    0.    0.    0.    0.    0.    0.    0.    0.    0.    0.    0.  ]
          [ 0.    0.    0.    0.    0.    0.    0.    0.    1.    1.    1.    1.    0.    1.    1.  ]
          [ 0.    0.    0.    0.    0.    0.    0.    0.    0.    0.    0.    0.    0.    0.    0.  ]
          [ 0.    0.    0.    0.    0.    0.    0.    0.    0.    1.    1.    1.    0.    1.    1.  ]
          [ 0.    0.    0.    0.    0.    0.    0.    0.    0.    0.    0.66  0.66  0.    0.66  0.66]
          [ 0.    0.    0.    0.    0.    0.    0.    0.    0.    0.    0.    0.66  0.    0.    0.  ]
          [ 0.    0.    0.    0.    0.    0.    0.    0.    0.    0.    0.    0.    0.    0.    0.  ]
          [ 0.    0.    0.    0.    0.    0.    0.    0.    0.    0.    0.    0.    0.    0.    0.  ]
          [ 0.    0.    0.    0.    0.    0.    0.    0.    0.    0.    0.    0.    0.    0.    0.  ]
          [ 0.    0.    0.    0.    0.    0.    0.    0.    0.    0.    0.    0.    0.    0.    0.  ]]

        distribucionDemanda
         [[  0.     0.36   0.54   0.     5.77   0.     5.77   0.     5.77   5.36   3.06   3.06   0.     0.     0.  ]
          [  0.     0.     0.36   0.     2.89   0.     5.77   0.     5.77   5.36   3.06   3.06   0.     0.     0.  ]
          [  0.     0.     0.     0.     1.44   0.     4.33   0.     5.77   5.36   3.06   3.06   0.     0.     0.  ]
          [  0.     0.     0.     0.     0.     0.     0.     0.     0.     0.     0.     0.     0.     0.     0.  ]
          [  0.     0.     0.     0.     0.     0.     1.44   0.     1.44   2.89   5.77   5.77   0.     7.21   7.21]
          [  0.     0.     0.     0.     0.     0.     0.     0.     0.     0.     0.     0.     0.     0.     0.  ]
          [  0.     0.     0.     0.     0.     0.     0.     0.     5.77  10.1    7.21   7.21   0.    10.1   10.1 ]
          [  0.     0.     0.     0.     0.     0.     0.     0.     0.     0.     0.     0.     0.     0.     0.  ]
          [  0.     0.     0.     0.     0.     0.     0.     0.     0.     1.44   2.89   4.33   0.     8.66   8.66]
          [  0.     0.     0.     0.     0.     0.     0.     0.     0.     0.     0.77   1.53   0.     4.59   4.59]
          [  0.     0.     0.     0.     0.     0.     0.     0.     0.     0.     0.     0.77   0.     0.     0.  ]
          [  0.     0.     0.     0.     0.     0.     0.     0.     0.     0.     0.     0.     0.     0.     0.  ]
          [  0.     0.     0.     0.     0.     0.     0.     0.     0.     0.     0.     0.     0.     0.     0.  ]
          [  0.     0.     0.     0.     0.     0.     0.     0.     0.     0.     0.     0.     0.     0.     0.  ]
          [  0.     0.     0.     0.     0.     0.     0.     0.     0.     0.     0.     0.     0.     0.     0.  ]]

Función objetivo: 449672.306256
Frecuencias: [0.14237, 0.07289, 0.15171]

Factor Operador:  100  Factor Pasajero:  100
Demanda:  6  Costos:  [5000, 5000, 5000]


